250,270,0,1,0.0402522,0.141136,0.027128,0.0200345,0.025251,-0.151997,-0.065966,0.12236,0.105398,-0.118987,-0.0567013,0.0646746,0.0466535,-0.0519483,-0.0449207,
270,290,0,1,0.0694383,0.236449,0.0332196,0.02209,0.0403354,-0.256084,-0.0960402,0.177318,0.145124,-0.19318,-0.0789349,0.10369,0.0542186,-0.072578,-0.05913,
290,310,0,1,0.0835137,0.292856,0.0290697,0.0181054,0.0443019,-0.312786,-0.0982675,0.184093,0.145644,-0.228942,-0.0782305,0.12281,0.0459132,-0.0723685,-0.0569155,
310,330,0,1,0.0973318,0.338058,0.0247558,0.0133411,0.0462806,-0.361588,-0.0982029,0.18278,0.13625,-0.25266,-0.0727622,0.135336,0.0364778,-0.0687268,-0.0516073,
330,350,0,1,0.119251,0.39679,0.0217466,0.010615,0.0463453,-0.434298,-0.101615,0.185705,0.130154,-0.271326,-0.0712668,0.148289,0.0303774,-0.0638287,-0.0446516,
350,370,0,1,0.159108,0.489498,0.0206289,0.0075138,0.0453154,-0.555396,-0.114014,0.200787,0.122168,-0.297798,-0.069042,0.168171,0.0249863,-0.061235,-0.0376908,
370,390,0,1,0.170872,0.539424,0.0178712,0.00561222,0.0430847,-0.59843,-0.109117,0.196083,0.11291,-0.304429,-0.0611566,0.164692,0.0200507,-0.0556843,-0.0334635,
390,410,0,1,0.157833,0.543066,0.0144827,0.00435016,0.0423779,-0.573206,-0.0936828,0.177299,0.0935636,-0.291538,-0.0461929,0.1461,0.0153519,-0.0470851,-0.0279233,
410,430,0,1,0.139566,0.52578,0.0112344,0.00329677,0.039318,-0.524386,-0.0767094,0.153361,0.0782756,-0.269647,-0.0355145,0.122022,0.0114526,-0.0388645,-0.023713,
430,450,0,1,0.12084,0.496301,0.00871235,0.00355768,0.0390287,-0.47104,-0.0625527,0.131288,0.0638913,-0.246102,-0.0262438,0.101605,0.00946881,-0.0311593,-0.0184723,
450,470,0,1,0.10104,0.457779,0.00656815,0.00185445,0.0368746,-0.409577,-0.0488737,0.109961,0.0516658,-0.220317,-0.0185184,0.0810056,0.00602727,-0.0262899,-0.0165505,
470,490,0,1,0.0843797,0.420282,0.00493088,0.00163315,0.0325632,-0.355103,-0.0386813,0.0911875,0.0434293,-0.19603,-0.013644,0.0648548,0.00468201,-0.0210582,-0.0161611,
490,510,0,1,0.0682265,0.377907,0.00366732,0.0015873,0.0321511,-0.302027,-0.0295143,0.0752261,0.035555,-0.170452,-0.0113802,0.048927,0.00371089,-0.0171366,-0.012213,
510,530,0,1,0.0560261,0.338203,0.0028021,0.000849836,0.0313305,-0.257347,-0.0231061,0.062428,0.0269489,-0.151298,-0.0068028,0.0398204,0.00221311,-0.0146745,-0.0104012,
530,550,0,1,0.0480145,0.302004,0.00240149,9.01547e-05,0.0268252,-0.217994,-0.019728,0.0526056,0.0220086,-0.130685,-0.00422565,0.0285296,0.00122358,-0.0117779,-0.0105299,
550,570,0,1,0.0385813,0.271426,0.00166611,0.00106115,0.0287768,-0.190328,-0.0148398,0.0428806,0.0178757,-0.114839,-0.00431275,0.0238569,0.00174603,-0.00922929,-0.00714186,
570,590,0,1,0.0318687,0.237714,0.00131282,0.000835403,0.0264569,-0.157695,-0.0118498,0.0347404,0.0133831,-0.0958449,-0.00206869,0.0148344,0.00130766,-0.00605457,-0.00607184,
590,610,0,1,0.0250623,0.213338,0.000867306,0.00072394,0.0253018,-0.134255,-0.0085042,0.0285647,0.00741413,-0.0855078,0.000574357,0.0126337,0.000760959,-0.00510311,-0.00474585,
610,630,0,1,0.0218468,0.193301,0.000758244,0.000552937,0.0208636,-0.116288,-0.00739837,0.024275,0.0119527,-0.0740978,-0.00248881,0.00862947,0.000892956,-0.00494478,-0.00681631,
630,650,0,1,0.0177401,0.170113,0.000675456,0.000209424,0.0220043,-0.0988429,-0.00603647,0.0206807,0.00831216,-0.0639332,-0.00152089,0.00577677,0.000430726,-0.00439333,-0.00524288,
650,670,0,1,0.0148704,0.152542,0.000503172,0.000204742,0.0199469,-0.0851231,-0.00481673,0.0171786,0.00603071,-0.0554325,-0.000654903,0.00388758,0.000289852,-0.00357201,-0.00456191,
670,700,0,1,0.0125811,0.131691,0.000414354,0.00034183,0.0199175,-0.0716811,-0.00400981,0.0140143,0.00411558,-0.0464308,-0.000106298,0.00234539,0.000413027,-0.0019571,-0.0033373,
700,750,0,1,0.00817818,0.105222,0.000237523,-0.000110715,0.0171835,-0.0520811,-0.00229098,0.0100229,0.00281176,-0.0338445,0.000475049,-2.00687e-05,-0.000121435,-0.00169868,-0.00323593,
750,800,0,1,0.00542098,0.0791608,6.95965e-05,0.000333003,0.0147224,-0.0356371,-0.0012221,0.00587087,0.00250155,-0.0220966,-0.000564316,-0.00231653,0.00030542,-0.000639616,-0.00208505,
800,850,0,1,0.00380583,0.0602468,9.48814e-05,-2.90574e-05,0.0126079,-0.0248761,-0.00103492,0.0043479,0.000984494,-0.0160422,0.000193723,-0.00178249,-5.63401e-05,-0.00113625,-0.00225305,
850,900,0,1,0.00263614,0.0463319,5.6265e-05,5.93466e-05,0.0113838,-0.0178048,-0.000660165,0.00298165,0.00107992,-0.0107953,-2.41442e-05,-0.0019746,4.857e-05,-0.000465996,-0.00147805,
900,950,0,1,0.00158235,0.0358008,1.02061e-05,2.60642e-05,0.010772,-0.0134363,-0.000267491,0.00199272,0.000586064,-0.00776658,0.000127766,-0.00141211,8.57711e-06,-0.000188452,-0.00129725,
950,1000,0,1,0.00107883,0.027258,1.25068e-05,6.24391e-05,0.00945026,-0.00915705,-0.000144936,0.00140162,-0.00067875,-0.00457758,0.000441156,-0.00162847,-7.25004e-06,0.000107029,-0.00015218,
1000,1100,0,1,0.000785952,0.0193426,1.76587e-05,8.30029e-06,0.00697618,-0.00560092,-0.000174999,0.000831495,0.000221597,-0.00157547,-7.0655e-06,-0.00196513,1.78341e-05,2.64047e-05,-0.000748991,
1100,1200,0,1,0.000426718,0.0120479,8.58156e-06,-1.86146e-05,0.00570057,-0.0031613,-7.28189e-05,0.000423488,9.67459e-05,-0.000130312,6.91639e-05,-0.00130387,-2.15448e-05,-1.63043e-05,-0.000463177,
1200,1300,0,1,0.000252509,0.00734179,1.07173e-05,1.04719e-05,0.00455203,-0.00156757,-7.01757e-05,0.000208746,-1.17965e-05,0.000669642,2.45535e-05,-0.00106261,1.64262e-05,0.000118572,-0.000214857,
1300,1400,0,1,0.000155133,0.00503659,2.80243e-06,-1.09644e-05,0.00346739,-0.00113431,-4.33897e-05,0.000130939,-6.74381e-05,0.000819084,-9.95362e-06,-0.000645549,-1.37712e-05,-9.67266e-05,-0.00027045,
1400,1500,0,1,0.000113263,0.0031872,2.65227e-06,2.23085e-06,0.00286951,-0.000617568,-2.73208e-05,4.71979e-05,-0.000102043,0.000776122,1.25181e-05,-0.000358851,6.46371e-07,9.93553e-06,-0.000110795,
1500,1750,0,1,1.34533e-05,0.00179766,-2.94469e-06,1.23635e-05,0.00200277,-0.000375524,2.0983e-05,4.36245e-05,1.1244e-05,0.000695265,-2.62579e-05,-0.000253454,1.14787e-05,2.53673e-05,-5.5594e-05,
1750,2000,0,1,9.26806e-06,0.000690807,4.36399e-07,-6.38285e-06,0.0011658,-6.35783e-05,-3.23855e-07,6.51302e-06,-7.75289e-06,0.000517834,2.82871e-05,-0.000144663,-9.02025e-06,-3.2985e-06,-2.56723e-05,
2000,5000,0,1,1.68983e-06,3.9961e-05,9.55573e-08,8.18846e-08,0.000150821,-3.42807e-06,-1.17143e-06,-5.07279e-07,-1.19891e-06,5.97249e-05,1.09404e-06,-6.19225e-06,8.05852e-08,-4.06919e-07,-3.43409e-06,
